 7.0181085457E-03 -7.0181085457E-03  2.5000000000E-01
 5.0701810855E-01  5.0701810855E-01 -9.3675067703E-17
 3.2549697471E-02  5.3431946881E-01  1.2408269744E-01
 5.3254969747E-01 -3.4319468815E-02  1.2591730256E-01
 4.6568053119E-01 -3.2549697471E-02  3.7591730256E-01
 3.4319468815E-02  4.6745030253E-01  3.7408269744E-01
 8.3515883291E-02  8.3515883291E-02 -9.3675067703E-17
 5.8351588329E-01  4.1648411671E-01  2.5000000000E-01
 2.6276909195E-01  7.5367647742E-01 -2.2722776062E-02
 7.6276909195E-01  7.4632352258E-01  2.7272277606E-01
 2.5367647742E-01  2.3723090805E-01  2.2727722394E-01
 7.5367647742E-01  2.6276909195E-01  2.2722776062E-02
-7.0181085457E-03  7.0181085457E-03  7.5000000000E-01
 4.9298189145E-01  4.9298189145E-01  5.0000000000E-01
-3.2549697471E-02  4.6568053119E-01  6.2408269744E-01
 4.6745030253E-01  3.4319468815E-02  6.2591730256E-01
 5.3431946881E-01  3.2549697471E-02  8.7591730256E-01
-3.4319468815E-02  5.3254969747E-01  8.7408269744E-01
-8.3515883291E-02 -8.3515883291E-02  5.0000000000E-01
 4.1648411671E-01  5.8351588329E-01  7.5000000000E-01
 2.4632352258E-01  7.3723090805E-01  5.2272277606E-01
 7.4632352258E-01  7.6276909195E-01  7.2727722394E-01
 2.3723090805E-01  2.5367647742E-01  7.7272277606E-01
 7.3723090805E-01  2.4632352258E-01  4.7727722394E-01
