 4.6595827540E-02 -4.6595827540E-02  2.5000000000E-01
 5.0000000000E-01  5.0000000000E-01  1.1437947540E-24
 4.3017334165E-02  4.6376214717E-01  1.3489708422E-01
 5.3623785283E-01 -4.3017334165E-02  1.3489708422E-01
 5.3623785283E-01 -4.3017334165E-02  3.6510291578E-01
 4.3017334165E-02  4.6376214717E-01  3.6510291578E-01
 2.0686391098E-23 -1.0383160780E-23  1.1437947540E-24
 6.0177935660E-01  3.9822064340E-01  2.5000000000E-01
 2.6191126213E-01  7.3808873787E-01 -6.8277837795E-02
 8.0273843124E-01  7.2112256192E-01  2.5000000000E-01
 2.7887743808E-01  1.9726156876E-01  2.5000000000E-01
 7.3808873787E-01  2.6191126213E-01  6.8277837795E-02
-4.6595827540E-02  4.6595827540E-02  7.5000000000E-01
 5.0000000000E-01  5.0000000000E-01  5.0000000000E-01
-4.3017334165E-02  5.3623785283E-01  6.3489708422E-01
 4.6376214717E-01  4.3017334165E-02  6.3489708422E-01
 4.6376214717E-01  4.3017334165E-02  8.6510291578E-01
-4.3017334165E-02  5.3623785283E-01  8.6510291578E-01
 2.0686391098E-23 -1.0383160780E-23  5.0000000000E-01
 3.9822064340E-01  6.0177935660E-01  7.5000000000E-01
 2.6191126213E-01  7.3808873787E-01  5.6827783779E-01
 7.2112256192E-01  8.0273843124E-01  7.5000000000E-01
 1.9726156876E-01  2.7887743808E-01  7.5000000000E-01
 7.3808873787E-01  2.6191126213E-01  4.3172216221E-01
