5.5432159484E-17  5.5567333556E-17  2.5000000000E-01
5.0000000000E-01  5.0000000000E-01  0.0000000000E+00
5.5432159484E-17  5.0000000000E-01  1.2500000000E-01
5.0000000000E-01  5.5567333556E-17  1.2500000000E-01
5.0000000000E-01  5.5567333556E-17  3.7500000000E-01
5.5432159484E-17  5.0000000000E-01  3.7500000000E-01
5.5432159484E-17  5.5567333556E-17  0.0000000000E+00
5.0000000000E-01  5.0000000000E-01  2.5000000000E-01
2.5658552748E-01  7.4341447252E-01  0.0000000000E+00
7.5658552748E-01  7.5658552748E-01  2.5000000000E-01
2.4341447252E-01  2.4341447252E-01  2.5000000000E-01
7.4341447252E-01  2.5658552748E-01  0.0000000000E+00
5.5432159484E-17  5.5567333556E-17  7.5000000000E-01
5.0000000000E-01  5.0000000000E-01  5.0000000000E-01
5.5432159484E-17  5.0000000000E-01  6.2500000000E-01
5.0000000000E-01  5.5567333556E-17  6.2500000000E-01
5.0000000000E-01  5.5567333556E-17  8.7500000000E-01
5.5432159484E-17  5.0000000000E-01  8.7500000000E-01
5.5432159484E-17  5.5567333556E-17  5.0000000000E-01
5.0000000000E-01  5.0000000000E-01  7.5000000000E-01
2.5658552748E-01  7.4341447252E-01  5.0000000000E-01
7.5658552748E-01  7.5658552748E-01  7.5000000000E-01
2.4341447252E-01  2.4341447252E-01  7.5000000000E-01
7.4341447252E-01  2.5658552748E-01  5.0000000000E-01
